0
9
19
29
39
49
59
69
79
87
88
89
99
109
115
116
119
124
127
134
136
139
144
148
155
156
157
198
199
237
238
247
248
253
254
255
256
257
258
264
266
269
275
277
279
289
328
329
336
337
338
339
349
355
359
368
369
376
377
378
379
389
399
409
439
449
453
454
455
456
457
458
459
463
473
489
499
509
513
514
515
516
517
518
519
549
550
551
552
553
554
555
559
569
579
589
599
STOP
1
194
195
345
365
483
493
503
STOP
2
STOP
3
78
335
375
STOP
10
29
STOP
END