0
9
10
14
15
19
20
24
25
29
34
39
44
49
54
59
64
69
74
79
80
81
85
86
87
88
89
90
91
95
96
97
98
99
109
146
149
150
151
152
156
157
158
159
160
161
162
166
167
168
169
179
212
220
221
222
223
227
228
229
230
231
232
233
237
238
239
285
293
294
295
296
297
298
299
303
304
305
306
307
308
309
319
329
338
339
379
389
399
409
419
429
439
485
579
589
599
STOP
1
84
94
189
199
209
249
259
269
279
289
STOP
2
443
508
527
STOP
3
219
STOP
14
69
STOP
15
409
STOP
END