0
9
19
29
129
195
205
206
207
208
209
210
220
221
222
230
231
232
239
240
249
258
259
268
269
270
279
280
281
282
289
290
291
292
299
300
309
315
316
317
318
319
365
266
267
268
269
359
369
374
375
379
389
392
394
399
402
403
404
405
406
408
409
419
458
459
468
469
478
479
488
489
496
497
498
499
506
507
508
509
515
516
517
518
519
525
526
527
528
529
534
535
536
537
538
539
544
545
546
547
548
549
554
555
556
557
558
559
563
564
565
566
567
568
569
589
599
STOP
1
39
49
89
99
219
229
325
383
384
429
439
449
STOP
2
54
93
157
STOP
3
257
267
277
579
STOP
16
554
STOP
END